-1.6400979
4.0169863
0.81990133
3.8643701
4.3697735
1.7475848
5.0208401
0.88434309
2.3914595
1.3030885
0.52618903
3.1333948
4.0292946
1.3239487
1.5993405
1.2463644
2.2727906
-0.098058401
2.82299
1.7720858
0.43081315
3.863929
3.067253
-2.3106487
2.51047
-1.3363929
0.99983898
2.1345558
2.2006721
1.3151173
0.62782055
-2.2117994
2.795625
1.2163523
-0.20885164
0.022157797
-1.6922723
1.2351927
2.6899712
-0.26076581
3.2471786
-1.6246466
4.3615928
0.63807196
-0.042845305
0.6386031
1.1209031
1.0262779
0.94657879
3.7682255
2.945598
-0.0671385
-1.0141951
-0.53769258
1.904016
-0.62189713
3.4826445
-0.49669449
-0.96280757
1.8135413
2.3326566
3.7182089
1.6999337
-0.73643771
0.93941343
5.1149807
0.61832862
-0.11467608
3.2884593
1.7933316
1.1255112
2.1410959
-0.78421199
1.0932237
2.8257419
-0.45477463
6.0149564
0.037649254
-1.041928
3.7078995
2.2752901
1.9486567
0.42354042
3.0781366
0.71657031
1.5994513
0.77545991
0.95924277
6.3258835
3.8903972
1.6381244
1.3568031
3.6458239
3.0651658
1.8020426
2.6219497
3.2224055
0.53112697
3.4351717
0.55867547
0.31871798
1.8042753
2.528849
3.0659242
2.3588142
1.0445088
4.8789309
-0.12848591
3.0293043
4.5235937
4.3330441
4.251541
1.4892774
0.43048739
1.0056869
1.0798333
1.6123556
2.4540308
-0.039693628
6.040225
-0.80741629
1.9585804
0.44434609
0.82291343
2.0672629
0.20747573
2.7437844
-0.86639568
-1.0104983
0.0083495966
1.964481
1.4183531
3.3360178
-0.28795953
0.40861356
0.1330612
-1.7952409
-1.8250307
2.0087478
0.16758909
4.0938585
-0.38982771
0.76695817
-0.65535506
4.3015959
0.66736576
4.6424297
0.38535216
0.62942159
-0.35684577
1.3198428
-1.0901474
-1.5952952
1.0969469
1.7222545
2.2349256
2.7048809
0.29697303
3.9050195
1.8989609
1.8764562
1.4252321
-0.65773491
2.550223
1.6226423
0.28989372
2.5340532
0.68619183
-0.17044524
1.0199907
0.54245432
-0.11755751
1.1985328
-0.21156222
1.2218358
1.5093929
0.16343755
0.90283728
-0.28400069
-0.61280962
1.8427695
0.50117389
0.49224563
3.5007876
2.6578963
1.2828138
1.4420396
0.99669298
3.3034439
0.046241373
5.8251314
-1.0972365
-0.026175778
1.4981679
0.86129304
0.54586651
1.868182
0.54132824
2.4752955
1.7525758
0.60897825
0.80076531
-0.2912588
1.8427765
1.80321
1.2810685
3.0425283
-0.095376808
2.0220145
1.8265905
0.83062362
1.9260689
-0.18509153
0.95878651
0.30924047
3.1193773
0.43486429
1.3952678
4.0538486
-0.73377615
-0.047209955
3.6473877
-0.58703366
-0.37646554
0.78678467
-2.1326258
1.6104508
2.3618759
1.4977562
0.99543104
2.7192032
-0.41928825
2.0506539
-0.40712358
2.2312569
0.82916331
3.2260774
-0.42596899
-0.51961698
0.11463488
2.0680099
-1.2233252
0.019066216
2.1092271
0.59928222
1.2232907
-0.83428568
1.1193927
-1.5948401
-0.0028346216
-1.082444
-0.79579275
-1.3340349
2.6834081
2.2788472
1.1740531
0.72287261
0.70585958
1.7189808
2.2184458
2.9758148
1.1705611
1.0789456
0.58565158
0.12662598
-0.45166107
2.3426379
0.89269351
0.42172297
0.51604684
2.6908039
2.6935407
-1.2368379
3.2537086
2.5121234
-3.3432158
-2.1002634
2.7135504
0.0098626309
1.6295612
0.17228629
0.61452886
2.3137573
1.5634039
1.7004718
1.5705651
1.7078389
2.61919
-0.54163309
-1.1646003
1.3327376
2.1111673
0.73999206
-0.47332561
2.0655705
-1.5131452
-0.32271682
0.70830843
-1.1604018
2.8445922
-0.30856232
-1.0159425
0.080011862
3.1856332
0.5340443
-2.9080043
-0.19803983
2.5189075
1.3506746
-0.64036342
1.2087251
-3.1012569
1.548511
1.6198221
1.4416773
-1.1613917
-0.32261767
1.2627508
-0.4549066
-0.58246194
1.0280806
2.2052135
3.32008
2.3355962
1.7919812
3.8030122
0.90371759
1.5465222
1.3022868
1.1534216
1.8215791
0.088012205
-0.040062521
3.2081968
0.50720031
3.2081968
0.013772091
0.83872021
-1.8165765
4.7899822
1.4905634
-1.0640547
-1.0690112
-1.1939047
-0.46665418
1.5864005
0.92350521
5.4983449
0.37030725
0.38357865
-0.57230518
2.8913941
0.0370622
3.099697
1.1042146
-2.4757181
3.0444822
0.60563817
-0.99093894
-0.32223374
1.9260689
2.9785304
-1.4677583
1.1306689
-0.78391491
-0.072221965
0.54996741
-1.0469814
-0.75316906
2.5450379
1.3904631
-0.25799782
1.560371
0.92533339
-0.79019509
-0.64971957
-0.53326938
0.51493727
0.26507081
-0.011933055
-0.61214972
-1.3853318
-0.93398586
-1.3167746
0.81775748
1.6411928
0.16666435
-0.796415
-1.325681
1.5601314
-0.74260371
0.15374343
0.85628904
-1.2620699
0.47718562
1.305498
0.88263432
-0.15052917
-1.8729005
2.2795347
-1.5336714
0.54542281
-1.2293249
0.1832496
2.525497
1.5971863
0.76137171
1.2451771
1.2975471
4.8097764
2.9321655
-1.171494
3.2332597
4.0327742
0.0075037668
0.75732976
1.2971723
-0.92462116
0.99788727
1.2887432
-1.2723043
1.5177305
1.0963397
0.067992048
1.9464559
2.77437
-0.16329106
3.1452907
0.401279
0.70737908
-0.16601007
2.0622257
7.3399341
2.1418038
1.0808458
2.565282
4.9002433
1.134465
2.0457226
1.1901143
-0.16329106
1.5991606
0.037798307
1.5841082
0.23350056
0.53466271
1.0459261
1.7129246
2.1715477
1.4720716
0.23120384
0.62680051
1.0135482
-1.1178183
3.80222
0.058942139
4.5450269
0.97516762
1.3898783
1.1037641
0.96789142
-0.4663086
0.83050857
1.2544228
2.4748652
0.1057909
1.3889423
2.2681712
2.5619443
1.4875968
0.92814234
3.3372229
1.42217
0.20366602
1.75405
1.7013249
2.7916928
3.2907698
1.0289127
0.80517754
1.2292128
-0.64775101
0.69076312
-0.19406005
1.847846
1.2424271
1.2096525
0.9907053
-0.64768208
1.2287865
2.2100347
0.99378841
5.7792966
1.3328447
2.0817963
-1.5448133
1.0171687
0.084696694
4.4143045
1.8486518
-0.81902251
-0.29263908
1.1064021
1.5667852
1.4253201
1.908007
1.4319241
-0.58268902
0.91386147
0.97851254
2.3308918
1.9461534
2.7117873
0.56276563
0.60905324
1.2029403
0.38772188
-0.041930133
-0.99591959
0.50005124
1.7229649
1.044822
1.7035324
1.1213188
0.4187491
0.22291817
1.2388388
0.69447465
1.994228
-0.47812687
-0.056815106
0.57397637
0.39520204
1.7428583
1.6201082
0.79925615
2.1341203
1.3167544
-0.51056231
2.7435616
2.5735723
1.2552338
0.44292808
1.4805006
2.2502055
-0.44157877
2.0028441
1.7185233
2.766881
1.1344559
0.71313463
0.28317892
2.9780752
-0.44486745
1.4804129
1.4550013
3.3007608
1.6295612
-0.35843217
0.56076319
0.62804184
0.57045967
3.0188646
-0.058184037
0.83963943
2.538695
1.1354114
1.8605236
1.6272361
2.9748191
2.6597399
0.64779966
1.4407037
1.313364
0.76205913
0.36173699
1.3338606
2.7130377
0.90295893
0.58833723
1.5881781
3.5728665
3.5286697
2.7432411
1.9145624
1.0029216
2.123199
1.3252529
-1.0549708
2.0815709
1.7343433
-0.66194214
0.18985461
0.65369893
-1.5293662
0.39751233
3.1150569
0.45730178
1.2587654
0.086802052
-0.41042326
2.8890879
0.30472992
0.26705694
0.93185312
-0.021541756
0.58472978
0.76582068
2.1255688
2.1664373
0.22115917
3.9639787
2.7820214
0.65657234
3.0313217
4.4344427
2.3921873
1.8649536
1.5109727
-0.31973931
0.44131479
0.57409451
0.48390652
2.6824401
-0.5722959
0.94657879
0.66753111
0.93679252
2.9795749
2.3251181
0.76176251
0.3216965
0.23274496
0.82455477
-0.31879498
2.2997024
1.2768063
2.8073485
5.7075569
2.1034838
-0.16213543
1.6543639
1.3568031
3.6216233
0.5142065
3.7916936
0.208235
0.34826897
2.4890295
1.3694912
-0.22306624
1.0479415
2.6219497
-0.086452033
0.094327627
0.54657397
1.019452
-0.11402748
0.81827253
3.3439414
1.9040062
2.1359159
-0.0028346216
-0.6578685
2.4286227
0.81246589
1.9242045
0.75898767
0.98137369
2.8576099
2.7101492
-0.3100087
4.1786544
0.12244298
3.438954
2.2077606
0.96431777
-0.613176
2.6616337
2.6037494
0.32860987
-2.2601373
1.1910517
1.5913975
1.2149388
1.2993572
1.6416113
1.9559732
1.5814601
0.41362016
1.2606377
1.4879441
1.6522862
1.4522708
0.025779169
-0.93283169
0.48390652
1.6045633
2.2250476
0.71331049
-0.071799052
0.64592892
0.24189757
0.22431475
1.3359048
-1.8751175
0.40228127
-0.64501599
1.2089386
0.8245125
0.15077113
1.7076292
-0.73294452
-0.29226085
1.6030777
-1.4775168
-1.3684064
-0.060687858
-1.571497
0.17808802
-1.1456791
-0.53871057
-1.5417856
-0.97045832
-0.98357834
-1.3668934
-0.87365811
-0.97032563
-1.8093833
-0.61218586
-1.016684
-0.358847
-1.2659251
-1.5564282
-2.2072395
0.23605926
-0.91675769
-0.55273004
-1.8646703
-1.2899964
0.063463558
-1.5393794
-1.7107718
0.51332936
-0.99711239
-1.8676148
-1.598386
-1.5400125
-1.5591865
-0.21973042
-0.20693153
-0.75324103
-0.0031173251
-1.8003523
-1.4968311
-1.134102
-1.093359
-1.8912112
-1.2361297
-0.99055853
-0.78107565
-0.80867781
-1.7126366
-0.54188747
-1.3734018
0.15283333
-1.5319622
-1.3505375
-0.21627529
0.69525023
-1.2709629
-0.9195824
-1.1194964
-1.0966423
-1.7425266
-1.5279037
-0.91354677
-1.8810615
-1.6914078
-0.84346651
-0.35909443
-0.52458224
-0.090855092
-1.7997595
-1.5815971
-1.2432104
-0.73434503
-0.86339602
1.4004823
-0.98413414
0.29939695
-1.2599165
-1.1570679
-1.5703973
-0.96110668
-1.6365389
-0.62060386
-1.0382292
-0.69467539
0.5381112
0.93877911
-1.3077374
-0.66206335
-0.91640962
-1.3931478
-1.1993512
-0.43961205
-1.4303438
0.034509006
-1.6935632
-1.6655017
-1.6716676
-0.32075707
-0.40638454
0.16858395
-0.80788686
-1.2672215
-2.0176814
-1.7840842
-1.3913576
-1.6066417
-0.98407994
-1.7814016
-1.4787629
-0.49595579
-1.8301486
-0.89697309
0.19847129
0.041024369
-1.5075485
-0.48253272
0.31359274
-1.5859088
0.026003737
-0.43804422
-0.63982791
-1.3198382
-1.1802311
-1.6708185
-1.372778
-0.1793809
-1.4119261
0.36226207
-1.6659777
-1.9574086
-1.1466992
-1.7528934
-1.2103337
-1.7345333
-0.85258842
-1.6975596
-1.1332849
-0.29171642
-1.0178366
-1.8863691
-1.3916699
0.16526539
-1.5605193
-0.10193795
-0.50370715
-1.2380791
-1.2182228
-1.3781564
-1.1198758
-0.37488342
-1.5429332
-0.85340399
-1.0252185
-0.23432943
-0.97460826
-1.1635103
-0.62713058
-1.2964582
-0.27839788
1.301018
-1.1685908
-1.5260839
-1.3088094
-1.1911879
0.47430952
-0.86468419
0.69245394
-1.6935824
-0.83882355
-0.45232558
0.17187225
-0.87694488
-1.3021421
-1.23053
-1.0618086
-1.6413753
-0.32785158
-1.2455421
-0.072086923
1.5218621
-1.4953201
-1.2633749
-1.7485311
-1.519045
-1.2838346
-1.78396
-1.4044397
-1.2111548
-0.35187696
-1.2991195
-0.81794575
-1.144139
0.77575424
-0.9527057
-0.041147341
-0.94380431
-1.8894819
0.62963214
-0.40587256
-1.3381448
-1.217765
-1.48391
-1.4819437
-0.73105827
-1.1770296
-0.14132561
-1.107436
-0.54266724
-1.5823151
-1.1898885
0.01911195
-1.9466736
-0.61004428
-1.6592079
-0.48337434
-1.3569992
-1.8425149
-0.58836893
-0.50730508
-1.6242866
0.36968758
-1.6833362
-1.8271911
-1.019923
-0.83546771
-1.1031982
-0.11682084
-0.18063785
-0.51876447
-1.1616041
-0.73510716
1.3089886
-2.1308924
-1.039803
-0.55723398
-0.94441431
-1.8303171
-1.4761332
-0.48339255
-1.5937505
-1.7109362
0.42709349
-1.3358702
-0.49166042
-1.6251053
-0.75386007
-1.5290512
-1.9707873
-1.6006344
-1.3010854
-0.8183838
-0.77378898
-0.95236771
-1.6515892
-1.3112417
2.0020079
-0.62496612
-1.2483293
-1.2320347
-0.31811404
-0.95859277
-1.582031
-1.1906337
-0.8161372
1.5060569
-1.7115565
0.17336785
-1.7753922
-1.6671561
-1.1757721
0.53843995
0.062639324
-1.6416914
-2.0152492
-0.8245015
-1.4616817
0.77759268
-0.69898057
-0.70645249
0.08165836
-1.3947144
-1.4145397
-0.97681731
-0.98532962
-1.8886301
1.0005489
-0.10774709
-0.55880234
-2.0081931
-0.86835392
-0.79253441
-0.89510978
-0.61295136
-1.3384724
0.84184138
-1.2487196
-0.69687751
-1.0488761
-0.2954753
-0.74997407
-0.97608994
-0.98680725
0.35743224
-1.4942224
-1.4578474
-1.1165627
-1.201277
-1.2709886
-1.024479
-2.059303
-0.47483109
-2.2557811
-0.23418203
-0.321685
-0.36341469
-0.94958959
-1.07419
-1.58752
-0.47209877
-0.44077858
-0.79927744
2.0932735
-0.72669466
-1.4876662
-0.83212416
-1.4193898
-1.4958484
-0.83774584
-1.7929967
0.80877242
-1.1814824
-0.29118925
0.42223068
-1.129483
-1.31685
-0.69274278
-0.64214052
-0.70438155
-0.11315416
-1.983876
-1.1849579
-0.88343538
-1.3131196
-0.79346061
-1.7315192
0.34836497
-1.4716057
0.19882473
-1.3596768
-0.80132399
-1.2186801
-0.76075737
0.49370346
-1.1173145
-1.5997956
1.2133906
2.1213862
0.39978558
1.4486046
-1.5572198
-1.8973573
-0.052336928
-1.5537583
-0.63993766
-1.1785338
-1.0472387
-0.86811939
-1.6530423
-1.2425455
-1.7390991
-1.7859062
-0.50404694
-1.5569313
-1.6850411
-1.6724253
-0.47440512
-1.1373233
-1.1443669
1.3879962
-0.99953855
-0.58765988
0.95441364
-1.4443673
-1.6985779
0.60619471
0.58708253
-1.0995029
-0.41497832
-1.1307914
-0.58149375
-0.68307529
-0.074143402
-1.7099969
-1.7816435
-1.4325988
-0.41547297
-0.64904404
-2.0140017
-1.2298875
-0.70267928
-1.531869
-0.48821686
-2.0802678
-2.1631695
-1.0219687
2.0189345
-1.2680683
-1.2868681
2.1021387
0.064882455
-1.1168663
-0.7376337
0.80884061
0.71968839
1.0266351
-1.1474328
-0.91107419
-1.5551258
0.84075482
-1.0831913
-1.6982819
-1.143291
-0.38866907
-0.79134775
-1.8272601
-0.051130508
-0.4175271
-1.1963371
-1.5474402
-1.3683422
-0.25411984
-1.5617452
-1.1654654
-0.89827332
-0.61000023
0.66382417
-0.36564564
0.12425565
0.60153603
-1.7718565
0.69018105
0.38243432
-0.68212587
-1.069015
-0.52040272
0.069356192
-1.0500132
0.43773423
-0.75291601
-1.7036444
-0.91331494
-0.83938441
-0.28459422
2.2562077
-1.5549871
-0.55670659
-0.50005143
0.35285327
-1.8154467
-1.4313392
-0.012838936
-0.11496316
-0.72251257
-0.26467819
0.2260695
-0.60902913
-1.8797684
-1.7646629
-1.234481
0.79713882
-0.065845208
-1.7236779
-1.0876246
-0.28254128
-1.5610771
-1.5887948
-0.38616515
-1.6493909
-1.6342399
-0.6115464
-1.6406259
-1.7368671
0.073867985
-0.63391058
-0.99204701
-0.0099309882
-0.81621543
-1.8775195
-1.3136973
-0.58400565
-0.0049831063
-1.2510698
-2.0884094
-0.47297221
0.31856872
-1.3683575
-2.0898222
-1.535734
-1.9660777
-1.9629701
-1.3521454
-0.64960519
-1.2192302
0.18326237
-1.0100578
-0.18555279
-1.7804668
-1.326658
-0.54054292
-1.9678605
-0.36637104
-1.2856631
-0.10568585
-1.6650013
-1.5824968
-1.2243833
0.71501447
-0.28557117
-1.9461941
-1.6625863
1.0265147
1.0288302
0.014929237
-1.8090027
-0.22921719
-0.87426741
-1.3842187
-0.43356525
-0.99645739
-0.71166891
-0.69128402
-0.48282012
-1.5119496
-0.80411555
-1.6262217
-1.7469993
-1.2730827
-1.1801222
-1.6879583
-0.72708733
-0.33902466
-1.6764564
-0.74579706
-1.8731465
-1.4410372
-1.6903246
-1.1181124
-0.84411846
-0.77985265
-1.3542402
-1.5571507
-0.34253564
-1.1681448
-1.4845026
-0.8552202
-0.92240166
-1.6967963
-0.79801158
-1.4948623
-0.67063131
0.022539029
-1.8958171
-2.2859632
0.60120705
-1.4143926
-0.065611725
-0.847535
-1.3476724
1.5478651
-1.4628856
0.85870077
-0.48728354
-1.1410169
-0.67092673
-0.43653263
-1.6305613
-1.7094818
2.2648286
-0.25451141
-1.4701884
-0.39558505
-1.4195692
-1.0923057
0.71219833
-0.068408507
-0.37510217
-1.4032205
-1.641185
-1.3110804
-1.1225146
-0.95705225
-1.4183414
-1.0750745
-1.4468139
-0.11809368
-1.116547
-0.46820856
-2.2193242
-1.0373335
-1.7753057
-0.032441817
-1.0440256
-0.20544423
-0.7938075
-0.98159073
2.2199832
-1.4896706
-1.1062017
-1.2356891
-1.8196868
-1.1629369
-1.9388821
-1.0690401
1.473728
-0.55408578
-0.54981484
-1.5978919
-1.481353
-1.025664
-1.0565281
-1.5760645
1.2041697
-1.8296266
0.063865842
-0.75112786
-0.81128578
-1.6486169
-0.10050647
0.3796334
-1.3717695
-0.95155996
-1.277049
-0.73917087
-1.3542301
-1.4037231
1.6082149
-1.6312184
-1.3281148
-0.19112759
-0.99818267
-1.126692
0.60611237
-0.56885193
-1.6001282
-1.4017536
-1.2114419
-1.0954368
-1.9104983
-0.69700684
-0.78498283
-1.8544318
-1.9163185
-0.25064641
-1.1766711
-1.4627179
-0.22853742
-0.82337911
-1.6351041
-0.76169996
-1.7159359
-0.74292684
-1.7331167
1.0271451
-0.3404077
-0.64852814
-1.2297544
-1.7161873
-0.52228891
-0.64432379
-1.8139021
-1.0628892
-1.8792727
-0.25905729
-0.67414422
0.0033578321
-0.64415423
-0.98450602
0.1731642
-1.3148932
-0.19640757
-1.7446672
-1.4196499
-0.65119396
-1.8293508
-1.124608
-1.9191345
-2.196979
0.37413289
-1.7007996
-0.6236628
-1.6056148
0.033086425
0.48274057
0.26622581
-0.92689374
-0.85978439
0.68171257
-1.4339328
-1.1175412
-0.85091908
-1.9327611
-0.88284872
-0.45513566
-0.19498173
-1.3107734
0.1142612
-1.2630526
-1.0595276
-1.6795366
-0.91503038
-1.3679166
-1.8330936
-1.1308074
-1.3688493
-1.2622591
